(5, 6, 5)%(1.0, 0.5, 1.0)%50
25%(0, 1, 0)%0%0%0
26%(0, 1, 1)%0%0%0
27%(0, 1, 2)%0%0%0
28%(0, 1, 3)%0%0%0
29%(0, 1, 4)%0%0%0
30%(1, 1, 0)%0%0%0
31%(1, 1, 1)%0%0%0
32%(1, 1, 2)%0%0%0
33%(1, 1, 3)%0%0%0
34%(1, 1, 4)%0%0%0
35%(2, 1, 0)%0%0%0
36%(2, 1, 1)%0%0%0
37%(2, 1, 2)%0%0%0
38%(2, 1, 3)%0%0%0
39%(2, 1, 4)%0%0%0
40%(3, 1, 0)%0%0%0
41%(3, 1, 1)%0%0%0
42%(3, 1, 2)%0%0%0
43%(3, 1, 3)%0%0%0
44%(3, 1, 4)%0%0%0
45%(4, 1, 0)%0%0%0
46%(4, 1, 1)%0%0%0
47%(4, 1, 2)%0%0%0
48%(4, 1, 3)%0%0%0
49%(4, 1, 4)%0%0%0
0%(0, 1, 0)%(0,0,0,0)%(55,-1,-1,51)%1
1%(0, 1, 1)%(0,0,0,0)%(56,50,-1,52)%1
2%(0, 1, 2)%(0,0,0,0)%(57,51,-1,53)%1
3%(0, 1, 3)%(0,0,0,0)%(58,52,-1,54)%1
4%(0, 1, 4)%(0,0,0,0)%(59,53,-1,-1)%1
5%(1, 1, 0)%(0,0,0,0)%(60,-1,50,56)%1
6%(1, 1, 1)%(0,0,0,0)%(61,55,51,57)%1
7%(1, 1, 2)%(0,0,0,0)%(62,56,52,58)%1
8%(1, 1, 3)%(0,0,0,0)%(63,57,53,59)%1
9%(1, 1, 4)%(0,0,0,0)%(64,58,54,-1)%1
10%(2, 1, 0)%(0,0,0,0)%(65,-1,55,61)%1
11%(2, 1, 1)%(0,0,0,0)%(66,60,56,62)%1
12%(2, 1, 2)%(0,0,0,0)%(67,61,57,63)%1
13%(2, 1, 3)%(0,0,0,0)%(68,62,58,64)%1
14%(2, 1, 4)%(0,0,0,0)%(69,63,59,-1)%1
15%(3, 1, 0)%(0,0,0,0)%(70,-1,60,66)%1
16%(3, 1, 1)%(0,0,0,0)%(71,65,61,67)%1
17%(3, 1, 2)%(0,0,0,0)%(72,66,62,68)%1
18%(3, 1, 3)%(0,0,0,0)%(73,67,63,69)%1
19%(3, 1, 4)%(0,0,0,0)%(74,68,64,-1)%1
20%(4, 1, 0)%(0,0,0,0)%(-1,-1,65,71)%1
21%(4, 1, 1)%(0,0,0,0)%(-1,70,66,72)%1
22%(4, 1, 2)%(0,0,0,0)%(-1,71,67,73)%1
23%(4, 1, 3)%(0,0,0,0)%(-1,72,68,74)%1
24%(4, 1, 4)%(0,0,0,0)%(-1,73,69,-1)%1
25%(0, 1, 0)%(0,0,0,0)%(55,-1,-1,51)%1
26%(0, 1, 1)%(0,0,0,0)%(56,50,-1,52)%1
27%(0, 1, 2)%(0,0,0,0)%(57,51,-1,53)%1
28%(0, 1, 3)%(0,0,0,0)%(58,52,-1,54)%1
29%(0, 1, 4)%(0,0,0,0)%(59,53,-1,-1)%1
30%(1, 1, 0)%(0,0,0,0)%(60,-1,50,56)%1
31%(1, 1, 1)%(0,0,0,0)%(61,55,51,57)%1
32%(1, 1, 2)%(0,0,0,0)%(62,56,52,58)%1
33%(1, 1, 3)%(0,0,0,0)%(63,57,53,59)%1
34%(1, 1, 4)%(0,0,0,0)%(64,58,54,-1)%1
35%(2, 1, 0)%(0,0,0,0)%(65,-1,55,61)%1
36%(2, 1, 1)%(0,0,0,0)%(66,60,56,62)%1
37%(2, 1, 2)%(0,0,0,0)%(67,61,57,63)%1
38%(2, 1, 3)%(0,0,0,0)%(68,62,58,64)%1
39%(2, 1, 4)%(0,0,0,0)%(69,63,59,-1)%1
40%(3, 1, 0)%(0,0,0,0)%(70,-1,60,66)%1
41%(3, 1, 1)%(0,0,0,0)%(71,65,61,67)%1
42%(3, 1, 2)%(0,0,0,0)%(72,66,62,68)%1
43%(3, 1, 3)%(0,0,0,0)%(73,67,63,69)%1
44%(3, 1, 4)%(0,0,0,0)%(74,68,64,-1)%1
45%(4, 1, 0)%(0,0,0,0)%(-1,-1,65,71)%1
46%(4, 1, 1)%(0,0,0,0)%(-1,70,66,72)%1
47%(4, 1, 2)%(0,0,0,0)%(-1,71,67,73)%1
48%(4, 1, 3)%(0,0,0,0)%(-1,72,68,74)%1
49%(4, 1, 4)%(0,0,0,0)%(-1,73,69,-1)%1
50%(0, 1, 0)%(0,0,0,0)%(55,-1,-1,51)%1
51%(0, 1, 1)%(0,0,0,0)%(56,50,-1,52)%1
52%(0, 1, 2)%(0,0,0,0)%(57,51,-1,53)%1
53%(0, 1, 3)%(0,0,0,0)%(58,52,-1,54)%1
54%(0, 1, 4)%(0,0,0,0)%(59,53,-1,-1)%1
55%(1, 1, 0)%(0,0,0,0)%(60,-1,50,56)%1
56%(1, 1, 1)%(0,0,0,0)%(61,55,51,57)%1
57%(1, 1, 2)%(0,0,0,0)%(62,56,52,58)%1
58%(1, 1, 3)%(0,0,0,0)%(63,57,53,59)%1
59%(1, 1, 4)%(0,0,0,0)%(64,58,54,-1)%1
60%(2, 1, 0)%(0,0,0,0)%(65,-1,55,61)%1
61%(2, 1, 1)%(0,0,0,0)%(66,60,56,62)%1
62%(2, 1, 2)%(0,0,0,0)%(67,61,57,63)%1
63%(2, 1, 3)%(0,0,0,0)%(68,62,58,64)%1
64%(2, 1, 4)%(0,0,0,0)%(69,63,59,-1)%1
65%(3, 1, 0)%(0,0,0,0)%(70,-1,60,66)%1
66%(3, 1, 1)%(0,0,0,0)%(71,65,61,67)%1
67%(3, 1, 2)%(0,0,0,0)%(72,66,62,68)%1
68%(3, 1, 3)%(0,0,0,0)%(73,67,63,69)%1
69%(3, 1, 4)%(0,0,0,0)%(74,68,64,-1)%1
70%(4, 1, 0)%(0,0,0,0)%(-1,-1,65,71)%1
71%(4, 1, 1)%(0,0,0,0)%(-1,70,66,72)%1
72%(4, 1, 2)%(0,0,0,0)%(-1,71,67,73)%1
73%(4, 1, 3)%(0,0,0,0)%(-1,72,68,74)%1
74%(4, 1, 4)%(0,0,0,0)%(-1,73,69,-1)%1
