(5, 6, 5)%(1.0, 0.5, 1.0)%50
0%(0, 0, 0)%0%0%0
1%(0, 0, 1)%0%0%0
2%(0, 0, 2)%0%0%0
3%(0, 0, 3)%0%0%0
4%(0, 0, 4)%0%0%0
5%(1, 0, 0)%0%0%0
6%(1, 0, 1)%0%0%0
7%(1, 0, 2)%0%0%0
8%(1, 0, 3)%0%0%0
9%(1, 0, 4)%0%0%0
10%(2, 0, 0)%0%0%0
11%(2, 0, 1)%0%0%0
12%(2, 0, 2)%0%0%0
13%(2, 0, 3)%0%0%0
14%(2, 0, 4)%0%0%0
15%(3, 0, 0)%0%0%0
16%(3, 0, 1)%0%0%0
17%(3, 0, 2)%0%0%0
18%(3, 0, 3)%0%0%0
19%(3, 0, 4)%0%0%0
20%(4, 0, 0)%0%0%0
21%(4, 0, 1)%0%0%0
22%(4, 0, 2)%0%0%0
23%(4, 0, 3)%0%0%0
24%(4, 0, 4)%0%0%0
25%(0, 1, 0)%0%0%0
26%(0, 1, 1)%0%0%0
27%(0, 1, 2)%0%0%0
28%(0, 1, 3)%0%0%0
29%(0, 1, 4)%0%0%0
30%(1, 1, 0)%0%0%0
31%(1, 1, 1)%0%0%0
32%(1, 1, 2)%0%0%0
33%(1, 1, 3)%0%0%0
34%(1, 1, 4)%0%0%0
35%(2, 1, 0)%0%0%0
36%(2, 1, 1)%0%0%0
37%(2, 1, 2)%0%0%0
38%(2, 1, 3)%0%0%0
39%(2, 1, 4)%0%0%0
40%(3, 1, 0)%0%0%0
41%(3, 1, 1)%0%0%0
42%(3, 1, 2)%0%0%0
43%(3, 1, 3)%0%0%0
44%(3, 1, 4)%0%0%0
45%(4, 1, 0)%0%0%0
46%(4, 1, 1)%0%0%0
47%(4, 1, 2)%0%0%0
48%(4, 1, 3)%0%0%0
49%(4, 1, 4)%0%0%0
0%(0, 1, 0)%(0,0,0,0)%(80,-1,-1,76)%1
1%(0, 1, 1)%(0,0,0,0)%(81,75,-1,77)%1
2%(0, 1, 2)%(0,0,0,0)%(82,76,-1,78)%1
3%(0, 1, 3)%(0,0,0,0)%(83,77,-1,79)%1
4%(0, 1, 4)%(0,0,0,0)%(84,78,-1,-1)%1
5%(1, 1, 0)%(0,0,0,0)%(85,-1,75,81)%1
6%(1, 1, 1)%(0,0,0,0)%(86,80,76,82)%1
7%(1, 1, 2)%(0,0,0,0)%(87,81,77,83)%1
8%(1, 1, 3)%(0,0,0,0)%(88,82,78,84)%1
9%(1, 1, 4)%(0,0,0,0)%(89,83,79,-1)%1
10%(2, 1, 0)%(0,0,0,0)%(90,-1,80,86)%1
11%(2, 1, 1)%(0,0,0,0)%(91,85,81,87)%1
12%(2, 1, 2)%(0,0,0,0)%(92,86,82,88)%1
13%(2, 1, 3)%(0,0,0,0)%(93,87,83,89)%1
14%(2, 1, 4)%(0,0,0,0)%(94,88,84,-1)%1
15%(3, 1, 0)%(0,0,0,0)%(95,-1,85,91)%1
16%(3, 1, 1)%(0,0,0,0)%(96,90,86,92)%1
17%(3, 1, 2)%(0,0,0,0)%(97,91,87,93)%1
18%(3, 1, 3)%(0,0,0,0)%(98,92,88,94)%1
19%(3, 1, 4)%(0,0,0,0)%(99,93,89,-1)%1
20%(4, 1, 0)%(0,0,0,0)%(-1,-1,90,96)%1
21%(4, 1, 1)%(0,0,0,0)%(-1,95,91,97)%1
22%(4, 1, 2)%(0,0,0,0)%(-1,96,92,98)%1
23%(4, 1, 3)%(0,0,0,0)%(-1,97,93,99)%1
24%(4, 1, 4)%(0,0,0,0)%(-1,98,94,-1)%1
25%(0, 1, 0)%(0,0,0,0)%(80,-1,-1,76)%1
26%(0, 1, 1)%(0,0,0,0)%(81,75,-1,77)%1
27%(0, 1, 2)%(0,0,0,0)%(82,76,-1,78)%1
28%(0, 1, 3)%(0,0,0,0)%(83,77,-1,79)%1
29%(0, 1, 4)%(0,0,0,0)%(84,78,-1,-1)%1
30%(1, 1, 0)%(0,0,0,0)%(85,-1,75,81)%1
31%(1, 1, 1)%(0,0,0,0)%(86,80,76,82)%1
32%(1, 1, 2)%(0,0,0,0)%(87,81,77,83)%1
33%(1, 1, 3)%(0,0,0,0)%(88,82,78,84)%1
34%(1, 1, 4)%(0,0,0,0)%(89,83,79,-1)%1
35%(2, 1, 0)%(0,0,0,0)%(90,-1,80,86)%1
36%(2, 1, 1)%(0,0,0,0)%(91,85,81,87)%1
37%(2, 1, 2)%(0,0,0,0)%(92,86,82,88)%1
38%(2, 1, 3)%(0,0,0,0)%(93,87,83,89)%1
39%(2, 1, 4)%(0,0,0,0)%(94,88,84,-1)%1
40%(3, 1, 0)%(0,0,0,0)%(95,-1,85,91)%1
41%(3, 1, 1)%(0,0,0,0)%(96,90,86,92)%1
42%(3, 1, 2)%(0,0,0,0)%(97,91,87,93)%1
43%(3, 1, 3)%(0,0,0,0)%(98,92,88,94)%1
44%(3, 1, 4)%(0,0,0,0)%(99,93,89,-1)%1
45%(4, 1, 0)%(0,0,0,0)%(-1,-1,90,96)%1
46%(4, 1, 1)%(0,0,0,0)%(-1,95,91,97)%1
47%(4, 1, 2)%(0,0,0,0)%(-1,96,92,98)%1
48%(4, 1, 3)%(0,0,0,0)%(-1,97,93,99)%1
49%(4, 1, 4)%(0,0,0,0)%(-1,98,94,-1)%1
50%(0, 1, 0)%(0,0,0,0)%(80,-1,-1,76)%1
51%(0, 1, 1)%(0,0,0,0)%(81,75,-1,77)%1
52%(0, 1, 2)%(0,0,0,0)%(82,76,-1,78)%1
53%(0, 1, 3)%(0,0,0,0)%(83,77,-1,79)%1
54%(0, 1, 4)%(0,0,0,0)%(84,78,-1,-1)%1
55%(1, 1, 0)%(0,0,0,0)%(85,-1,75,81)%1
56%(1, 1, 1)%(0,0,0,0)%(86,80,76,82)%1
57%(1, 1, 2)%(0,0,0,0)%(87,81,77,83)%1
58%(1, 1, 3)%(0,0,0,0)%(88,82,78,84)%1
59%(1, 1, 4)%(0,0,0,0)%(89,83,79,-1)%1
60%(2, 1, 0)%(0,0,0,0)%(90,-1,80,86)%1
61%(2, 1, 1)%(0,0,0,0)%(91,85,81,87)%1
62%(2, 1, 2)%(0,0,0,0)%(92,86,82,88)%1
63%(2, 1, 3)%(0,0,0,0)%(93,87,83,89)%1
64%(2, 1, 4)%(0,0,0,0)%(94,88,84,-1)%1
65%(3, 1, 0)%(0,0,0,0)%(95,-1,85,91)%1
66%(3, 1, 1)%(0,0,0,0)%(96,90,86,92)%1
67%(3, 1, 2)%(0,0,0,0)%(97,91,87,93)%1
68%(3, 1, 3)%(0,0,0,0)%(98,92,88,94)%1
69%(3, 1, 4)%(0,0,0,0)%(99,93,89,-1)%1
70%(4, 1, 0)%(0,0,0,0)%(-1,-1,90,96)%1
71%(4, 1, 1)%(0,0,0,0)%(-1,95,91,97)%1
72%(4, 1, 2)%(0,0,0,0)%(-1,96,92,98)%1
73%(4, 1, 3)%(0,0,0,0)%(-1,97,93,99)%1
74%(4, 1, 4)%(0,0,0,0)%(-1,98,94,-1)%1
75%(0, 1, 0)%(0,0,0,0)%(80,-1,-1,76)%1
76%(0, 1, 1)%(0,0,0,0)%(81,75,-1,77)%1
77%(0, 1, 2)%(0,0,0,0)%(82,76,-1,78)%1
78%(0, 1, 3)%(0,0,0,0)%(83,77,-1,79)%1
79%(0, 1, 4)%(0,0,0,0)%(84,78,-1,-1)%1
80%(1, 1, 0)%(0,0,0,0)%(85,-1,75,81)%1
81%(1, 1, 1)%(0,0,0,0)%(86,80,76,82)%1
82%(1, 1, 2)%(0,0,0,0)%(87,81,77,83)%1
83%(1, 1, 3)%(0,0,0,0)%(88,82,78,84)%1
84%(1, 1, 4)%(0,0,0,0)%(89,83,79,-1)%1
85%(2, 1, 0)%(0,0,0,0)%(90,-1,80,86)%1
86%(2, 1, 1)%(0,0,0,0)%(91,85,81,87)%1
87%(2, 1, 2)%(0,0,0,0)%(92,86,82,88)%1
88%(2, 1, 3)%(0,0,0,0)%(93,87,83,89)%1
89%(2, 1, 4)%(0,0,0,0)%(94,88,84,-1)%1
90%(3, 1, 0)%(0,0,0,0)%(95,-1,85,91)%1
91%(3, 1, 1)%(0,0,0,0)%(96,90,86,92)%1
92%(3, 1, 2)%(0,0,0,0)%(97,91,87,93)%1
93%(3, 1, 3)%(0,0,0,0)%(98,92,88,94)%1
94%(3, 1, 4)%(0,0,0,0)%(99,93,89,-1)%1
95%(4, 1, 0)%(0,0,0,0)%(-1,-1,90,96)%1
96%(4, 1, 1)%(0,0,0,0)%(-1,95,91,97)%1
97%(4, 1, 2)%(0,0,0,0)%(-1,96,92,98)%1
98%(4, 1, 3)%(0,0,0,0)%(-1,97,93,99)%1
99%(4, 1, 4)%(0,0,0,0)%(-1,98,94,-1)%1
